11 4
0.0 0.12 0.12 0.12 0.12 0.12 0.06 0.06 0.17 1.82 1.18 
0.12 0.0 0.12 0.12 0.12 0.12 0.06 0.06 0.17 1.82 1.18 
0.12 0.12 0.0 0.12 0.12 0.12 0.06 0.17 0.06 2.37 1.0 
0.12 0.12 0.12 0.0 0.12 0.12 0.06 0.17 0.06 2.37 1.0 
0.12 0.12 0.12 0.12 0.0 0.12 0.2 0.06 0.06 1.82 1.0 
0.12 0.12 0.12 0.12 0.12 0.0 0.2 0.06 0.06 1.82 1.0 
0.06 0.06 0.06 0.06 0.02 0.02 0.0 0.14 0.25 2.3 3.7 
0.06 0.06 0.17 0.17 0.06 0.06 0.14 0.0 0.11 1.76 1.12 
0.17 0.17 0.06 0.06 0.06 0.06 0.25 0.11 0.0 2.3 0.94 
1.82 1.82 2.37 2.37 1.82 1.82 2.3 1.76 2.3 0.0 0.94 
1.18 1.18 1.0 1.0 1.0 1.0 3.7 1.12 0.94 1.37 0.0 
4
4
4
4
4
4
4
4
4
4
4
0 6 2 4 6 8 9 10 2.5 2.7 0 2.5 0 2.7 0 3.3 0 0 0 
1 7 0 1 2 3 4 5 9 0 0 0 0 0 0 3.2 4.0 3.8 0 3.1 
2 7 0 1 2 3 4 5 10 0 0 0 0 0 0 3.0 3.3 2.5 2.8 0 
3 9 0 1 2 3 4 5 6 7 8 0 0 0 0 0 0 0 0 0 3.8 2.4 
0.12 0.12 0.0 0.12 0.12 0.12 0.06 0.17 0.06 2.37 1.0 
0.12 0.12 0.12 0.12 0.0 0.12 0.2 0.06 0.06 1.82 1.0 